122 50 0
0 1 4
1 2 6
2 3 9
3 4 5
4 5 2
5 6 4
6 7 9
7 8 2
8 9 3
9 10 8
10 11 4
11 12 9
12 13 6
13 14 4
14 15 8
15 16 6
16 17 2
17 18 9
18 19 7
19 20 7
20 21 3
21 22 5
22 23 6
23 24 4
24 25 6
25 26 6
26 27 4
27 28 2
28 29 2
29 30 6
30 31 1
31 32 5
32 33 4
33 34 7
34 35 5
35 36 4
36 37 6
37 38 4
38 39 3
39 40 8
40 41 3
41 42 9
42 43 7
43 44 6
44 45 1
45 46 2
46 47 2
47 48 5
48 49 6
49 0 3
0 2 9
1 3 5
2 4 9
3 5 7
4 6 7
5 7 2
6 8 5
7 9 2
8 10 1
9 11 2
10 12 4
11 13 5
12 14 5
13 15 7
14 16 6
15 17 7
16 18 5
17 19 8
18 20 7
19 21 1
20 22 6
21 23 1
22 24 5
23 25 1
24 26 4
25 27 2
26 28 1
27 29 9
28 30 1
29 31 7
30 32 4
31 33 6
32 34 5
33 35 5
34 36 5
35 37 3
36 38 4
37 39 3
38 40 8
39 41 5
40 42 5
41 43 6
42 44 4
43 45 1
44 46 7
45 47 3
46 48 1
47 49 3
48 0 5
49 1 8
0 3 7
1 4 5
2 5 2
3 6 8
4 7 8
5 8 4
6 9 3
7 10 2
8 11 8
9 12 2
10 13 2
11 14 3
12 15 6
13 16 7
14 17 5
15 18 6
16 19 9
17 20 5
18 21 6
19 22 3
20 23 7
21 24 5
